nfaces = 10;
nverts = 7;
vert_on_face(1:3, 1, 1) = [ -0.15625, 0, 0.015625];
vert_on_face(1:3, 2, 1) = [ -0.15625, 0.03125, -0.015625];
vert_on_face(1:3, 3, 1) = [ -0.1875, 0.03125, -0.015625];
nvert_for_face(1) = 3;
vert_on_face(1:3, 1, 2) = [ -0.165496, 0.0311311, -0.00524532];
vert_on_face(1:3, 2, 2) = [ -0.154696, 0.0406584, -0.015625];
vert_on_face(1:3, 3, 2) = [ -0.155841, 0.0102265, 0.015625];
vert_on_face(1:3, 1, 3) = [ -0.165496, 0.0311311, -0.00524532];
vert_on_face(1:3, 2, 3) = [ -0.155841, 0.0102265, 0.015625];
vert_on_face(1:3, 3, 3) = [ -0.185946, 0.0426219, -0.015625];
nvert_for_face(3) = 3;
vert_on_face(1:3, 1, 4) = [ -0.165496, 0.0311311, -0.00524532];
vert_on_face(1:3, 2, 4) = [ -0.185946, 0.0426219, -0.015625];
vert_on_face(1:3, 3, 4) = [ -0.154696, 0.0406584, -0.015625];
nvert_for_face(4) = 3;
vert_on_face(1:3, 1, 5) = [ -0.15625, 0, 0.015625];
vert_on_face(1:3, 2, 5) = [ -0.154696, 0.0406584, -0.015625];
vert_on_face(1:3, 3, 5) = [ -0.15625, 0.03125, -0.015625];
nvert_for_face(5) = 3;
vert_on_face(1:3, 1, 6) = [ -0.15625, 0, 0.015625];
vert_on_face(1:3, 2, 6) = [ -0.155841, 0.0102265, 0.015625];
vert_on_face(1:3, 3, 6) = [ -0.154696, 0.0406584, -0.015625];
nvert_for_face(6) = 3;
vert_on_face(1:3, 1, 7) = [ -0.15625, 0.03125, -0.015625];
vert_on_face(1:3, 2, 7) = [ -0.154696, 0.0406584, -0.015625];
vert_on_face(1:3, 3, 7) = [ -0.185946, 0.0426219, -0.015625];
nvert_for_face(7) = 3;
vert_on_face(1:3, 1, 8) = [ -0.15625, 0.03125, -0.015625];
vert_on_face(1:3, 2, 8) = [ -0.185946, 0.0426219, -0.015625];
vert_on_face(1:3, 3, 8) = [ -0.1875, 0.03125, -0.015625];
nvert_for_face(8) = 3;
vert_on_face(1:3, 1, 9) = [ -0.1875, 0.03125, -0.015625];
vert_on_face(1:3, 2, 9) = [ -0.185946, 0.0426219, -0.015625];
vert_on_face(1:3, 3, 9) = [ -0.155841, 0.0102265, 0.015625];
nvert_for_face(9) = 3;
vert_on_face(1:3, 1, 10) = [ -0.1875, 0.03125, -0.015625];
vert_on_face(1:3, 2, 10) = [ -0.155841, 0.0102265, 0.015625];
vert_on_face(1:3, 3, 10) = [ -0.15625, 0, 0.015625];
nvert_for_face(10) = 3;
